       1.028183696952e-05       9.133241657396e-03 
       1.294406584085e-05       1.140577508266e-02 
       1.629561341898e-05       1.424376036871e-02 
       2.051496183393e-05       1.778788455971e-02 
       2.582680677472e-05       2.221384593301e-02 
       3.251402335419e-05       2.774104764752e-02 
       4.093273024026e-05       3.464347464386e-02 
       5.153125427358e-05       4.326325708572e-02 
       6.487400550664e-05       5.402759920743e-02 
       8.167153409718e-05       6.746989844158e-02 
       1.028183696952e-04       8.425606426062e-02 
       1.294406584085e-04       1.052172823263e-01 
       1.629561341898e-04       1.313907392460e-01 
       2.051496183393e-04       1.640700765813e-01 
       2.582680677472e-04       2.048676226830e-01 
       3.251402335419e-04       2.557905607412e-01 
       4.093273024026e-04       3.193330123875e-01 
       5.153125427358e-04       3.985850363754e-01 
       6.487400550664e-04       4.973570006824e-01 
       8.167153409718e-04       6.203119716001e-01 
       1.028183696952e-03       7.730867043636e-01 
       1.294406584085e-03       9.623538279933e-01 
       1.629561341898e-03       1.195721982381e+00 
       2.051496183393e-03       1.481427875616e+00 
       2.582680677472e-03       1.827309365830e+00 
       3.251402335419e-03       2.238912031113e+00 
       4.093273024026e-03       2.716252640851e+00 
       5.153125427358e-03       3.249392474788e+00 
       6.487400550664e-03       3.814255902697e+00 
       8.167153409718e-03       4.371451459871e+00 
       1.028183696952e-02       4.868271099654e+00 
       1.294406584085e-02       5.237100383604e+00 
       1.629561341895e-02       5.391703064915e+00 
       2.051496164256e-02       5.246095519107e+00 
       2.582666684473e-02       4.759940610594e+00 
       3.249527971873e-02       4.009328057155e+00 
       4.032715601928e-02       3.259123277911e+00 
       4.687875166955e-02       2.833011859052e+00 
       5.163962444865e-02       2.623514100551e+00 
       5.557387753685e-02       2.493197938492e+00 
       5.909049447196e-02       2.395252871939e+00 
       6.237244175318e-02       2.309905267765e+00 
       6.551682840067e-02       2.227086204155e+00 
       6.858199650664e-02       2.141353285747e+00 
       7.160632569278e-02       2.050032394403e+00 
       7.461689634371e-02       1.952390475047e+00 
       7.763393203273e-02       1.849170035406e+00 
       8.067327142329e-02       1.742233214144e+00 
       8.374783454566e-02       1.634217572993e+00 
       8.686853828449e-02       1.528172328969e+00 
       9.004489235065e-02       1.427197952821e+00 
       9.328540083304e-02       1.334095591493e+00 
       9.659784056158e-02       1.251076865575e+00 
       9.998945864113e-02       1.179497478069e+00 
       1.034671153049e-01       1.119780952473e+00 
       1.070373887670e-01       1.071293274894e+00 
       1.107066530308e-01       1.032386443676e+00 
       1.144811360550e-01       1.000498923781e+00 
       1.183669634120e-01       9.723705422285e-01 
       1.223701911049e-01       9.444138142243e-01 
       1.264968302408e-01       9.132633654603e-01 
       1.307528656175e-01       8.764146200295e-01 
       1.351442698505e-01       8.328222878398e-01 
       1.396770143841e-01       7.832227299655e-01 
       1.443570785431e-01       7.300327464327e-01 
       1.491904576601e-01       6.767920881317e-01 
       1.541831712367e-01       6.272868240775e-01 
       1.593412720469e-01       5.846056606005e-01 
       1.646708570633e-01       5.503447761490e-01 
       1.701780810655e-01       5.242427645424e-01 
       1.758691737780e-01       5.041746085120e-01 
       1.817504613770e-01       4.869692897928e-01 
       1.878283932000e-01       4.687286856226e-01 
       1.941095744967e-01       4.464677741838e-01 
       2.006008060723e-01       4.195039340502e-01 
       2.073091317062e-01       3.896816301110e-01 
       2.142418942883e-01       3.602204858552e-01 
       2.214068017091e-01       3.341936019023e-01 
       2.288120036882e-01       3.133762250200e-01 
       2.364661809369e-01       2.975375935255e-01 
       2.443786483545e-01       2.844366511052e-01 
       2.525594743676e-01       2.711322740008e-01 
       2.610196190793e-01       2.557003157529e-01 
       2.697710946356e-01       2.382008678290e-01 
       2.788271521975e-01       2.205870994159e-01 
       2.882025012048e-01       2.051894224899e-01 
       2.979135683333e-01       1.928137620024e-01 
       3.079788058407e-01       1.824760523040e-01 
       3.184190620639e-01       1.723273096341e-01 
       3.292580310042e-01       1.612097518843e-01 
       3.405228036555e-01       1.496672817943e-01 
       3.522445516907e-01       1.390250480461e-01 
       3.644593853524e-01       1.300132666561e-01 
       3.772094434962e-01       1.219486778249e-01 
       3.905442972200e-01       1.138483538472e-01 
       4.045227834056e-01       1.055644650230e-01 
       4.192154373966e-01       9.778309485422e-02 
       4.347077760434e-01       9.082759853899e-02 
       4.511048126029e-01       8.428713499522e-02 
       4.685373976016e-01       7.775355308988e-02 
       4.871713374825e-01       7.149206893292e-02 
       5.072208655016e-01       6.571389391419e-02 
       5.289691654934e-01       6.009107043058e-02 
       5.528007764558e-01       5.461785883681e-02 
       5.792549280475e-01       4.940079765889e-02 
       6.091177207858e-01       4.427279565005e-02 
       6.435908869965e-01       3.925234924138e-02 
       6.846223602434e-01       3.424859148196e-02 
       7.356055869405e-01       2.919944579459e-02 
       8.029778493612e-01       2.399148997235e-02 
       8.999945462507e-01       1.852766476649e-02 
       1.053638749949e+00       1.290193095032e-02 
       1.297770937754e+00       7.931961194915e-03 
       1.631261467987e+00       4.606591424708e-03 
       2.053589821636e+00       2.641429782154e-03 
       2.585316244166e+00       1.502058145900e-03 
       3.254720317221e+00       8.477840539307e-04 
       4.097450115632e+00       4.752709870558e-04 
       5.158384074128e+00       2.647955986802e-04 
       6.494020794714e+00       1.466968745038e-04 
       8.175487803185e+00       8.085118876781e-05 
       1.029232934924e+01       4.434974565007e-05 
       1.295727496432e+01       2.422122644067e-05 
       1.631224272018e+01       1.317489099746e-05 
       2.053589688379e+01       7.139533546004e-06 
       2.585316244099e+01       3.855412877297e-06 
       3.254720317221e+01       2.075143477508e-06 
       4.097450115632e+01       1.113475127715e-06 
       5.158384074128e+01       5.956690086157e-07 
       6.494020794714e+01       3.177300394756e-07 
       8.175487803185e+01       1.689742787886e-07 
       1.029232934924e+02       8.958170861589e-08 
